   1 211000022278158
   1 211000022278279
   1 211000022278282
   1 211000022278298
   1 211000022278307
   1 211000022278309
   1 211000022278436
   1 211000022278449
   1 211000022278498
   1 211000022278522
   1 211000022278603
   1 211000022278604
   1 211000022278664
   1 211000022278724
   1 211000022278750
   1 211000022278760
   1 211000022278875
   1 211000022278877
   1 211000022278878
   1 211000022278879
   1 211000022278880
   1 211000022278985
   1 211000022279055
   1 211000022279108
   1 211000022279132
   1 211000022279134
   1 211000022279165
   1 211000022279188
   1 211000022279222
   1 211000022279264
   1 211000022279342
   1 211000022279392
   1 211000022279446
   1 211000022279528
   1 211000022279529
   1 211000022279531
   1 211000022279555
   1 211000022279681
   1 211000022279708
   1 211000022280133
   1 211000022280328
   1 211000022280341
   1 211000022280347
   1 211000022280481
   2 211000022280494
   1 211000022280645
   1 211000022280703
6632 2L
6927 2R
6676 3L
7988 3R
 343 4
   3 Unmapped_Scaffold_8
5973 X
  72 Y
   1 chr
  37 dmel_mitochondrion_genome
  19 rDNA
  74 2R	7319554
  57 X	16463603
  21 2R	13864237
  20 X	2470460
  19 3R	5272947
  17 X	13593577
  17 3R	26536350
  16 3R	11984862
  16 2R	21017784
  15 3R	24668146
